1500000000000000 18
dp graphs trees stacks queues greedy arrays heaps math strings
1 300000000000000 5 dp 500
2 250000000000000 4 graphs 480
3 200000000000000 4 trees 460
4 180000000000000 3 stacks 440
5 150000000000000 3 queues 420
6 140000000000000 3 greedy 400
7 130000000000000 2 arrays 380
8 120000000000000 2 heaps 360
9 110000000000000 2 math 340
10 100000000000000 1 strings 320
11 90000000000000  1 dp 300
12 80000000000000  1 graphs 290
13 70000000000000  1 trees 280
14 60000000000000  1 stacks 270
15 50000000000000  1 queues 260
16 40000000000000  1 greedy 250
17 30000000000000  1 arrays 240
18 20000000000000  1 heaps 230
