143334073674 58
dp graphs trees stacks queues greedy arrays heaps math strings
1 28517561046 10 dp 273
2 60461743741 9 stacks 240
3 69367514029 8 stacks 395
4 70749096790 9 trees 163
5 75911219660 10 arrays 345
6 74778257355 8 arrays 424
7 33656654272 7 stacks 152
8 54324242301 9 trees 483
9 35846827133 5 arrays 122
10 27884112198 7 greedy 184
11 29078616356 5 trees 416
12 71507502834 10 math 286
13 45444424372 10 dp 224
14 55183413977 6 stacks 182
15 43503238616 9 greedy 458
16 65065883097 8 heaps 152
17 32285352855 9 arrays 379
18 58108007711 5 queues 165
19 75508230026 8 math 258
20 51338134099 8 stacks 180
21 49969627843 7 queues 477
22 37675436974 8 queues 454
23 74339285386 8 stacks 475
24 71358584975 10 queues 102
25 51682229433 10 heaps 246
26 63421350879 5 strings 376
27 55818777081 8 trees 392
28 54790250162 7 greedy 317
29 68838218171 5 heaps 466
30 57175921523 5 queues 390
31 46602366605 5 graphs 152
32 39954237454 5 stacks 475
33 68948082419 10 queues 194
34 61769034264 5 greedy 176
35 35295412864 8 heaps 344
36 32620568037 10 dp 240
37 35774491263 5 dp 445
38 30714224065 6 greedy 139
39 68265631923 7 queues 187
40 67760597347 9 trees 164
41 35291184861 9 strings 416
42 75852049590 10 math 489
43 31622876579 6 dp 485
44 51296575590 10 greedy 476
45 27492257078 6 stacks 426
46 43177053920 6 strings 475
47 51152117039 9 graphs 288
48 52122423274 10 graphs 340
49 68001581689 6 queues 165
50 72468746215 6 arrays 256
51 51182371515 5 math 111
52 72970177268 8 strings 172
53 28964170133 10 strings 354
54 33304366369 7 arrays 465
55 68206316393 6 graphs 312
56 62467227422 9 graphs 125
57 31345936127 5 queues 199
58 70504604495 8 stacks 122
