11382372918817 19
math dp arrays strings
1 218262076416 2 arrays 138
2 998730498794 5 strings 66
3 427543117845 6 math 1331
4 367648657093 6 strings 1209
5 935882457850 10 dp 1009
6 546892505435 8 dp 75
7 118772520428 1 dp 1806
8 236591633197 3 arrays 1709
9 804411192527 9 strings 1698
10 896005865367 9 arrays 103
11 589549512251 10 arrays 1268
12 560586657043 0 strings 903
13 589572762128 4 arrays 1578
14 400466973050 0 dp 493
15 128765003998 4 strings 1590
16 732945916470 10 math 1655
17 659102844136 4 dp 1038
18 826016744350 2 dp 910
19 630586082939 4 strings 331
