772120280840600 60
dp graphs trees stacks queues greedy arrays heaps math strings
1 148074551371736 6 greedy 277
2 206801750634415 7 queues 114
3 154584159650103 10 trees 177
4 198767159517439 8 strings 200
5 162741833124831 8 math 423
6 176539768240518 8 arrays 181
7 168982805549716 10 greedy 477
8 187600146275733 6 trees 251
9 205925446857623 7 trees 292
10 188535067461637 9 dp 452
11 167186456255419 10 trees 185
12 205514922284549 7 stacks 402
13 203759317679261 5 trees 148
14 192890719400594 10 math 398
15 180149119525670 7 stacks 392
16 173614316559303 6 greedy 178
17 126421743039671 7 queues 143
18 178906293210361 9 stacks 152
19 113634333277285 10 stacks 210
20 174987798352768 9 dp 322
21 114909353273570 10 graphs 424
22 126794900106749 9 stacks 497
23 178114531344340 10 graphs 499
24 142202281730840 8 arrays 385
25 189412365184746 9 graphs 476
26 122952932687875 5 math 313
27 202513575722269 8 stacks 120
28 174384193480353 6 stacks 108
29 210992451159535 8 math 220
30 163949374294223 8 greedy 320
31 137944656445502 9 strings 371
32 183930891547641 9 queues 277
33 127142147394675 6 heaps 168
34 187150073045705 5 heaps 236
35 170559015567810 9 queues 382
36 166268834427822 6 greedy 112
37 144167865679241 10 greedy 497
38 140424432967731 9 strings 104
39 175816522230929 8 stacks 247
40 190124779350530 7 stacks 137
41 197844650792835 8 greedy 254
42 187250315563306 6 heaps 424
43 108766575980947 6 queues 270
44 128984714825598 6 heaps 419
45 131234053002312 8 heaps 262
46 125750009699348 7 greedy 237
47 165972256989868 8 arrays 164
48 199236977729831 10 greedy 271
49 138466322972763 6 trees 258
50 198004689649364 8 stacks 374
51 125676715252253 9 stacks 479
52 194790510479753 7 math 141
53 111291318582880 10 arrays 220
54 197730693622561 9 dp 363
55 112980932176767 8 arrays 401
56 148543385499149 9 dp 148
57 139303816916668 8 heaps 372
58 152401744001073 7 trees 393
59 107978921815492 9 arrays 198
60 190102562644868 6 arrays 147
