500000000000 25
dp graphs trees stacks queues greedy arrays heaps math strings
1 300000000000 4 dp 2000
2 250000000000 3 graphs 1900
3 200000000000 5 trees 1800
4 100000000000 2 stacks 1700
5 150000000000 3 queues 1600
6 120000000000 2 greedy 1500
7 110000000000 4 arrays 1400
8 90000000000 5 heaps 1300
9 80000000000 3 math 1200
10 70000000000 2 strings 1100
11 60000000000 2 dp 1000
12 50000000000 3 graphs 900
13 40000000000 3 trees 800
14 30000000000 4 stacks 700
15 20000000000 5 queues 600
16 18000000000 1 greedy 500
17 16000000000 1 arrays 450
18 14000000000 1 heaps 400
19 12000000000 1 math 350
20 10000000000 1 strings 300
21 9000000000 1 dp 260
22 8000000000 1 graphs 240
23 7000000000 1 trees 220
24 6000000000 1 stacks 200
25 5000000000 1 queues 180
