1000000000000000 60
dp graphs trees stacks queues
1 100000000000000 10 dp 100
2 100000000000000 10 dp 100
3 100000000000000 10 dp 100
4 100000000000000 10 dp 100
5 100000000000000 10 dp 100
6 100000000000000 10 dp 100
7 100000000000000 10 dp 100
8 100000000000000 10 dp 100
9 100000000000000 10 dp 100
10 100000000000000 10 dp 100
11 100000000000000 10 dp 100
12 100000000000000 10 dp 100
13 100000000000000 10 dp 100
14 100000000000000 10 dp 100
15 100000000000000 10 dp 100
16 100000000000000 10 dp 100
17 100000000000000 10 dp 100
18 100000000000000 10 dp 100
19 100000000000000 10 dp 100
20 100000000000000 10 dp 100
21 100000000000000 10 dp 100
22 100000000000000 10 dp 100
23 100000000000000 10 dp 100
24 100000000000000 10 dp 100
25 100000000000000 10 dp 100
26 100000000000000 10 dp 100
27 100000000000000 10 dp 100
28 100000000000000 10 dp 100
29 100000000000000 10 dp 100
30 100000000000000 10 dp 100
31 100000000000000 10 dp 100
32 100000000000000 10 dp 100
33 100000000000000 10 dp 100
34 100000000000000 10 dp 100
35 100000000000000 10 dp 100
36 100000000000000 10 dp 100
37 100000000000000 10 dp 100
38 100000000000000 10 dp 100
39 100000000000000 10 dp 100
40 100000000000000 10 dp 100
41 100000000000000 10 dp 100
42 100000000000000 10 dp 100
43 100000000000000 10 dp 100
44 100000000000000 10 dp 100
45 100000000000000 10 dp 100
46 100000000000000 10 dp 100
47 100000000000000 10 dp 100
48 100000000000000 10 dp 100
49 100000000000000 10 dp 100
50 100000000000000 10 dp 100
51 100000000000000 5 dp 100
52 100000000000000 5 dp 100
53 100000000000000 5 dp 100
54 100000000000000 5 dp 100
55 100000000000000 5 dp 100
56 100000000000000 5 dp 100
57 100000000000000 5 dp 100
58 100000000000000 5 dp 100
59 100000000000000 5 dp 100
60 100000000000000 5 dp 100
