729004600424329 54
dp graphs trees stacks queues greedy arrays heaps math strings
1 209159165311850 10 trees 126
2 173307653018044 9 arrays 151
3 216421365168251 5 math 154
4 218701409445369 9 stacks 339
5 141172914304506 9 trees 219
6 171647217189801 8 greedy 175
7 246755390258487 7 math 309
8 230115843179278 8 graphs 176
9 129630797641293 10 dp 358
10 132807182765648 5 math 390
11 184702136693510 5 strings 416
12 183697699841526 9 heaps 466
13 245642683762380 8 strings 458
14 183768897031048 5 math 116
15 124539765054264 8 math 284
16 233517340200361 10 arrays 412
17 214305045901209 10 dp 426
18 200612892543196 6 queues 381
19 169574122974494 6 trees 465
20 227528140151165 5 strings 233
21 152420380423631 5 math 335
22 194424729654326 5 queues 496
23 205532420701088 6 greedy 433
24 213120873718753 8 dp 354
25 240902295195117 7 trees 154
26 138021314149229 9 arrays 362
27 201441815943660 8 stacks 254
28 203089468568721 7 arrays 112
29 185914053818551 7 graphs 285
30 128333252531306 6 trees 284
31 172359795218232 5 stacks 331
32 192029146974178 10 arrays 256
33 204211957311609 8 dp 287
34 236467030823093 9 greedy 477
35 162390978891675 7 stacks 359
36 165922464650380 10 dp 367
37 133071200139112 10 stacks 163
38 205498646348528 9 arrays 386
39 137156933116889 5 dp 138
40 244668915321018 10 graphs 188
41 157551653855525 7 greedy 118
42 246700334006425 5 dp 243
43 193536474921259 10 greedy 467
44 212050165284687 9 dp 338
45 239362362771955 7 arrays 215
46 155944032088337 9 heaps 219
47 238519142029402 8 math 278
48 224383726809327 7 heaps 284
49 195071657792704 6 dp 226
50 202733333120250 10 trees 201
51 226737036713478 7 strings 350
52 131555842568395 5 stacks 226
53 215626842477301 10 arrays 145
54 179048091339999 6 greedy 340
