3834940915634002 54
dp graphs trees stacks queues greedy arrays heaps math strings
1 870372976531255 9 math 348
2 563039094590538 8 strings 136
3 491058872686936 10 math 418
4 568132452562517 9 strings 193
5 667390085545400 8 strings 161
6 767761005210068 10 queues 282
7 816852542839366 9 math 473
8 783482670690019 10 arrays 416
9 558246130013817 6 stacks 500
10 860936012170078 5 greedy 342
11 849350604516974 10 heaps 269
12 674222863909758 7 dp 452
13 901771750215438 8 queues 465
14 518785683895590 9 strings 312
15 767862481994022 5 arrays 302
16 692462959825985 6 math 388
17 938775772051690 5 dp 427
18 589567768677695 6 dp 282
19 736619308239408 8 arrays 126
20 754925236675565 8 arrays 258
21 774750750461473 7 arrays 408
22 822381622825317 7 math 425
23 641894614816030 9 math 367
24 792682015568092 8 strings 444
25 751457386936590 7 heaps 132
26 501114360237806 8 strings 282
27 824981307810984 6 stacks 186
28 936193672230955 7 arrays 120
29 643798902792232 8 math 472
30 800165708665937 8 queues 378
31 634365955053940 7 queues 156
32 730933684584045 6 dp 212
33 641429320651057 10 queues 410
34 659497211962742 8 greedy 478
35 532246660242404 6 arrays 486
36 889208080802061 7 stacks 429
37 818523428222450 10 stacks 486
38 624097748323494 6 stacks 153
39 671661596965177 9 arrays 356
40 588931155678204 8 strings 202
41 528302087422838 10 heaps 439
42 564164292591676 5 dp 430
43 903286778985122 10 arrays 214
44 879320529967110 6 dp 259
45 684023440263085 5 trees 228
46 770904425414736 8 queues 466
47 811758045978783 8 math 194
48 639462153976048 9 arrays 261
49 669620788743374 8 math 432
50 666851242176891 5 queues 111
51 754938836925721 6 stacks 474
52 662620495508094 5 trees 492
53 532009850515042 6 math 426
54 686009416722229 6 stacks 279
