1664648579257252 55
math dp heaps stacks graphs
1 275310451627982 5 math 345
2 224009644306391 7 dp 93
3 188000472827997 6 stacks 963
4 301480838346260 10 stacks 252
5 184414918810168 6 heaps 442
6 299480454747019 9 stacks 191
7 299059026814417 9 graphs 78
8 175235932836036 5 graphs 957
9 326870514668770 10 math 814
10 193303974366425 8 dp 472
11 327895540618812 6 math 688
12 283680593358882 9 stacks 920
13 309532162001267 9 math 600
14 332071500748619 10 heaps 459
15 228272562764032 7 graphs 744
16 230326866153622 8 stacks 780
17 292918769611773 5 heaps 576
18 268129752880351 7 dp 939
19 195075483730569 7 dp 350
20 326174706380959 9 dp 58
21 319307589275198 10 math 792
22 269828422248613 7 dp 77
23 200223343709352 10 graphs 63
24 347438158075416 6 math 520
25 282378177924615 10 dp 379
26 207682653369411 9 math 554
27 276592400475259 8 stacks 93
28 189084174661945 7 heaps 16
29 209083199907267 8 graphs 853
30 300252654192848 9 math 349
31 341763040153840 10 stacks 258
32 185739524095963 7 graphs 386
33 262345201004631 9 dp 227
34 259191744366721 9 math 425
35 304764584529719 9 stacks 486
36 348273622635810 9 math 411
37 311980650721309 6 dp 821
38 248685991757844 8 heaps 35
39 276158241789185 7 graphs 657
40 187044366505866 10 stacks 224
41 241252263336039 7 dp 628
42 271013716579990 10 math 968
43 266007797061341 10 dp 962
44 218199478646947 8 graphs 999
45 259907490443315 8 stacks 695
46 319218820989082 7 heaps 726
47 286247499923336 7 heaps 581
48 329589022188347 10 dp 179
49 232103924170895 10 dp 276
50 336489504195733 7 graphs 896
51 328185991506878 9 graphs 308
52 273631897542288 5 heaps 108
53 333069586055821 10 stacks 578
54 232269256360166 5 dp 513
55 251734738602598 7 dp 829
