6469658043768 16
arrays trees strings math heaps stacks
1 739242274938 2 math 1972
2 243591415552 7 math 174
3 624078578996 5 arrays 1830
4 429940467414 4 arrays 472
5 716117715172 3 stacks 1309
6 308085705186 3 math 1105
7 408386301077 3 strings 343
8 809399689614 8 math 1414
9 721996214267 1 strings 870
10 914966598588 1 stacks 366
11 265863986816 2 trees 680
12 336195700428 3 heaps 1108
13 138084319250 5 trees 1070
14 733409975809 10 heaps 44
15 828773490152 9 math 145
16 18147431729 1 math 1311
