1117490009928 18
math graphs queues greedy
1 6054069982 2 graphs 944
2 440064315958 8 graphs 663
3 992888534257 8 math 211
4 350992174591 10 graphs 924
5 798315079202 4 queues 275
6 538438566479 8 math 89
7 559774663510 8 graphs 580
8 424860154144 1 math 1444
9 963730142431 9 graphs 1550
10 229315009779 5 math 1270
11 130282922379 5 queues 1342
12 174329291294 8 queues 47
13 770066146428 5 graphs 1170
14 306918094740 1 math 1077
15 337008649199 3 greedy 1278
16 252220341671 10 queues 1480
17 128664113000 10 math 253
18 681731184337 10 graphs 1950
