3414819171533577 18
math heaps greedy graphs strings trees
1 906339998014361 2 math 528
2 802998280056051 3 math 189
3 589657570435753 7 math 387
4 59724346321519 9 math 717
5 262392401393779 10 heaps 488
6 138874433007014 9 heaps 249
7 382641106778965 7 greedy 160
8 983526291322083 5 strings 429
9 850385756338874 7 trees 824
10 97568116657246 3 math 700
11 568069808527576 7 math 827
12 98719364277698 9 strings 174
13 82428797317922 10 strings 313
14 829047311811008 8 trees 896
15 971575744211197 7 math 578
16 581839355987417 1 graphs 534
17 940964456506645 7 strings 649
18 775932776599951 1 trees 698
