6262232239076897 22
heaps greedy strings queues
1 36237439740569 2 heaps 911
2 987560031145745 2 greedy 205
3 292378374924700 5 queues 854
4 915870068801431 10 strings 56
5 606025319425595 10 strings 639
6 573303065513235 1 queues 456
7 604178506738192 5 strings 794
8 409646425772410 1 greedy 251
9 128604121729246 5 queues 800
10 748559766594102 2 queues 622
11 304147490144344 3 strings 778
12 218605798564820 8 strings 494
13 281887966815050 4 strings 638
14 909279132746335 6 queues 681
15 444242336178070 10 queues 124
16 238670556833861 10 greedy 931
17 416323918910418 8 greedy 320
18 741613950508177 4 queues 845
19 963240279062964 7 greedy 710
20 237896923338933 10 greedy 545
21 539348679877393 9 strings 167
22 721429133716933 7 greedy 194
