337434014976 59
dp graphs trees stacks queues greedy arrays heaps math strings
1 135754298847 9 math 374
2 47165276943 10 greedy 149
3 121683359351 10 heaps 384
4 72696493264 5 stacks 351
5 81976884816 7 trees 442
6 99855713462 8 greedy 162
7 96976648025 8 graphs 334
8 132787500021 10 dp 443
9 77025227159 9 stacks 248
10 101465927502 6 greedy 324
11 69974106391 7 queues 371
12 61409227673 10 queues 248
13 108221980979 9 trees 406
14 105340119159 7 strings 418
15 74337609832 10 strings 432
16 127383944639 10 strings 259
17 129546567091 8 trees 218
18 87878538824 5 math 120
19 136454716730 5 arrays 171
20 84976069666 8 strings 145
21 116820202059 5 stacks 190
22 122030552934 10 arrays 369
23 50895523354 5 arrays 186
24 73376922125 8 heaps 287
25 108206134230 7 arrays 379
26 50291584191 10 dp 424
27 91373526697 8 greedy 384
28 123500084957 6 dp 187
29 82734650076 8 dp 144
30 114952479851 10 math 430
31 119366643678 7 stacks 389
32 110664458486 5 queues 488
33 45776416286 5 strings 389
34 107834212436 5 arrays 112
35 127118781395 9 strings 377
36 66200802947 9 math 438
37 58537434616 5 arrays 129
38 61519986340 8 arrays 362
39 120626915156 5 queues 285
40 76246685806 7 greedy 324
41 70192302590 7 dp 459
42 66996041408 7 greedy 111
43 122256729872 8 math 427
44 125107199465 6 greedy 240
45 60336789546 9 graphs 381
46 126970400942 10 dp 447
47 98834017781 10 graphs 414
48 53937264786 9 graphs 500
49 89283566754 8 stacks 471
50 61226374985 7 math 470
51 124003433230 5 graphs 173
52 56511900390 5 greedy 184
53 119865904216 9 arrays 349
54 120266353952 5 math 235
55 131124629302 6 strings 290
56 88559409792 8 dp 432
57 91258048883 10 heaps 189
58 71372260310 10 dp 143
59 50428483458 6 stacks 177
