1857785556060644 58
dp graphs trees stacks queues greedy arrays heaps math strings
1 195644435820855 9 heaps 673
2 229312327307541 8 arrays 769
3 318606476888637 7 strings 445
4 302515900636960 6 trees 787
5 208947823661066 9 dp 308
6 299212288010404 10 heaps 795
7 335599124016122 6 heaps 628
8 265706727641696 8 arrays 274
9 338023174426369 10 greedy 595
10 371841168709770 6 queues 646
11 309705305658014 10 dp 388
12 363537851618284 6 greedy 527
13 328724837824710 5 dp 368
14 256292882513112 7 stacks 168
15 195907390501059 6 trees 572
16 358533849700791 7 trees 703
17 326941196596206 7 heaps 755
18 315166904346153 8 math 109
19 225727530593421 6 trees 792
20 361170187102354 7 graphs 647
21 286984459300237 8 dp 658
22 312049507357848 5 strings 441
23 317193182735242 9 stacks 599
24 332190817746435 9 trees 132
25 222395650536084 5 stacks 998
26 253359924768725 6 queues 949
27 320466787614424 9 strings 619
28 344008593763774 7 dp 371
29 375712601502159 9 math 867
30 276625241039088 9 math 621
31 325690450622955 8 queues 649
32 361216014935947 10 queues 884
33 294261564911138 5 stacks 341
34 224003370853766 7 arrays 890
35 378990151220958 10 graphs 922
36 360112941326736 7 trees 614
37 246501046698108 8 strings 356
38 235971267787178 7 stacks 806
39 364746427188034 5 greedy 486
40 256330195882973 8 strings 545
41 350280698785856 6 arrays 959
42 323480780558810 6 queues 564
43 254728805951479 8 arrays 790
44 232459852656628 10 stacks 703
45 338989349079261 8 math 371
46 309587725244403 6 trees 137
47 221738741609886 8 strings 455
48 305531493958902 9 heaps 907
49 286090948701356 6 queues 842
50 217895173807856 5 math 720
51 206149943744778 6 greedy 636
52 220023682800166 7 dp 627
53 257452624549147 10 strings 308
54 254796082272931 5 math 255
55 353746833081576 7 arrays 467
56 202885733877338 5 queues 639
57 382463833876412 5 trees 985
58 381671881722954 5 math 535
