300000000000000 25
dp graphs trees stacks queues greedy arrays heaps math strings
1 80000000000000 4 dp 500
2 70000000000000 5 graphs 480
3 60000000000000 3 trees 460
4 50000000000000 3 stacks 440
5 40000000000000 2 queues 420
6 30000000000000 1 greedy 400
7 25000000000000 2 arrays 380
8 20000000000000 1 heaps 360
9 18000000000000 1 math 340
10 16000000000000 1 strings 320
11 14000000000000 2 dp 300
12 13000000000000 2 graphs 290
13 12000000000000 3 trees 280
14 11000000000000 3 stacks 270
15 10000000000000 1 queues 260
16 9000000000000 1 greedy 250
17 8000000000000 1 arrays 240
18 7000000000000 1 heaps 230
19 6000000000000 1 math 220
20 5000000000000 1 strings 210
21 4000000000000 1 dp 200
22 3000000000000 1 graphs 190
23 2000000000000 1 trees 180
24 1000000000000 1 stacks 170
25 900000000000 1 queues 160
