12754889756529 23
dp arrays
1 673249897033 3 dp 1522
2 390129281457 9 arrays 739
3 245009034409 10 arrays 962
4 521245169037 7 arrays 1951
5 376142405229 3 dp 417
6 541230199936 9 arrays 74
7 267618694319 8 arrays 1189
8 678427128843 0 dp 1234
9 589430985507 0 dp 133
10 319797664833 9 dp 1581
11 931217962188 3 arrays 38
12 577925979828 3 dp 1576
13 767136777762 3 dp 1854
14 629660760811 9 arrays 1485
15 345317652319 1 dp 734
16 586400327406 0 arrays 714
17 160956225856 8 dp 1764
18 960586895390 1 dp 276
19 900062615967 10 dp 127
20 343559201212 5 arrays 1983
21 803383192575 3 dp 432
22 698211771664 5 arrays 25
23 173374533487 1 dp 1861
