2227396266715723 55
dp graphs trees stacks queues greedy arrays heaps math strings
1 621731739590786 5 stacks 809
2 703573575387515 7 heaps 470
3 670505909935147 8 strings 448
4 818260165513591 10 trees 303
5 698704683118084 9 queues 132
6 557530374499891 9 greedy 689
7 767690205801871 5 dp 712
8 722860535336103 5 trees 161
9 585267912660421 9 stacks 885
10 842131820346262 8 dp 672
11 544762364780763 6 strings 814
12 742786463691887 9 queues 837
13 598371608064227 5 trees 462
14 721109452988530 5 strings 768
15 614843013437300 8 trees 648
16 546280910118563 6 math 936
17 504076830685729 5 queues 472
18 654633323239748 5 stacks 871
19 537266175179542 9 greedy 393
20 627657301265495 6 graphs 917
21 513486576884319 6 arrays 494
22 482120306249282 10 queues 796
23 424992407093346 10 trees 327
24 680328413540048 8 math 977
25 600720276669993 6 math 207
26 827412325843410 7 trees 557
27 828455031971750 7 queues 232
28 697976042011603 9 graphs 139
29 707695414263002 9 stacks 385
30 637243295183524 5 strings 148
31 638359040977861 9 stacks 870
32 539805395490423 7 dp 730
33 489257677544207 7 greedy 766
34 510845279869858 9 greedy 118
35 816048687291904 7 trees 680
36 577262098952472 10 graphs 952
37 429812937298453 9 heaps 415
38 726085879566258 8 strings 842
39 777634215145618 7 graphs 782
40 488148489481833 10 strings 955
41 807078808057323 9 stacks 643
42 723374280531252 5 dp 600
43 812678539443892 6 greedy 147
44 518211648029726 6 heaps 394
45 484499942703766 5 greedy 874
46 687172682935615 7 stacks 464
47 616236762867248 10 queues 989
48 437202474077089 10 heaps 211
49 516833843713760 6 queues 769
50 827250382506043 9 stacks 576
51 721925104103307 10 dp 607
52 635815291686078 6 math 552
53 835865835158661 6 strings 308
54 588182926901380 10 greedy 789
55 492069279524424 8 strings 616
