12769201569695 21
trees dp strings heaps queues
1 109036797310 5 trees 1065
2 756371980955 3 queues 426
3 246819995131 1 queues 320
4 632366327872 5 heaps 744
5 43582876082 0 strings 1089
6 946652602962 6 trees 1747
7 949827278765 0 trees 1043
8 70544688636 1 queues 1170
9 473135704754 1 queues 1277
10 465131265442 9 heaps 1476
11 953428147832 7 queues 1777
12 960786834675 6 trees 1147
13 567072081369 0 heaps 1058
14 916374496533 6 queues 1289
15 759899148687 0 queues 398
16 602394236873 5 dp 343
17 252173233944 5 trees 1162
18 287251922182 3 dp 170
19 938610646134 7 queues 50
20 715840993456 4 trees 1199
21 370429381114 10 heaps 1290
